(kicad_pcb (version 20171130) (host pcbnew "(5.1.2)-2")

  (general
    (thickness 1.6)
    (drawings 19)
    (tracks 608)
    (zones 0)
    (modules 58)
    (nets 65)
  )

  (page A)
  (title_block
    (title "ATmega1284 Development Board")
    (date 2019-04-21)
  )

  (layers
    (0 F.Cu signal)
    (31 B.Cu signal)
    (32 B.Adhes user)
    (33 F.Adhes user)
    (34 B.Paste user)
    (35 F.Paste user)
    (36 B.SilkS user)
    (37 F.SilkS user)
    (38 B.Mask user)
    (39 F.Mask user)
    (40 Dwgs.User user)
    (41 Cmts.User user)
    (42 Eco1.User user)
    (43 Eco2.User user)
    (44 Edge.Cuts user)
    (45 Margin user)
    (46 B.CrtYd user)
    (47 F.CrtYd user)
    (48 B.Fab user)
    (49 F.Fab user)
  )

  (setup
    (last_trace_width 0.3048)
    (user_trace_width 0.381)
    (user_trace_width 0.508)
    (user_trace_width 0.635)
    (user_trace_width 0.762)
    (user_trace_width 1.016)
    (trace_clearance 0.1524)
    (zone_clearance 0.508)
    (zone_45_only no)
    (trace_min 0.2)
    (via_size 1.016)
    (via_drill 0.508)
    (via_min_size 0.4)
    (via_min_drill 0.3)
    (uvia_size 0.3)
    (uvia_drill 0.1)
    (uvias_allowed no)
    (uvia_min_size 0.2)
    (uvia_min_drill 0.1)
    (edge_width 0.15)
    (segment_width 0.2)
    (pcb_text_width 0.3)
    (pcb_text_size 1.5 1.5)
    (mod_edge_width 0.15)
    (mod_text_size 1.524 1.524)
    (mod_text_width 0.15)
    (pad_size 1.524 1.524)
    (pad_drill 0.762)
    (pad_to_mask_clearance 0.051)
    (solder_mask_min_width 0.25)
    (aux_axis_origin 0 0)
    (visible_elements 7FFFFFFF)
    (pcbplotparams
      (layerselection 0x010f0_ffffffff)
      (usegerberextensions false)
      (usegerberattributes false)
      (usegerberadvancedattributes false)
      (creategerberjobfile false)
      (excludeedgelayer true)
      (linewidth 0.100000)
      (plotframeref false)
      (viasonmask false)
      (mode 1)
      (useauxorigin false)
      (hpglpennumber 1)
      (hpglpenspeed 20)
      (hpglpendiameter 15.000000)
      (psnegative false)
      (psa4output false)
      (plotreference true)
      (plotvalue true)
      (plotinvisibletext false)
      (padsonsilk false)
      (subtractmaskfromsilk false)
      (outputformat 1)
      (mirror false)
      (drillshape 0)
      (scaleselection 1)
      (outputdirectory "FAB/"))
  )

  (net 0 "")
  (net 1 "Net-(C1-Pad1)")
  (net 2 GND)
  (net 3 "Net-(C2-Pad1)")
  (net 4 VCC)
  (net 5 "Net-(D1-Pad1)")
  (net 6 "Net-(D1-Pad2)")
  (net 7 "Net-(D2-Pad2)")
  (net 8 "Net-(D2-Pad1)")
  (net 9 "Net-(D3-Pad1)")
  (net 10 "Net-(D3-Pad2)")
  (net 11 "Net-(D4-Pad2)")
  (net 12 "Net-(D4-Pad1)")
  (net 13 "Net-(D5-Pad1)")
  (net 14 "Net-(D5-Pad2)")
  (net 15 "Net-(D6-Pad1)")
  (net 16 "Net-(D6-Pad2)")
  (net 17 "Net-(D7-Pad2)")
  (net 18 "Net-(D7-Pad1)")
  (net 19 "Net-(D8-Pad2)")
  (net 20 "Net-(D8-Pad1)")
  (net 21 "Net-(J1-Pad1)")
  (net 22 "Net-(J1-Pad3)")
  (net 23 "Net-(J1-Pad5)")
  (net 24 "Net-(J1-Pad6)")
  (net 25 "Net-(J1-Pad9)")
  (net 26 "Net-(P1-Pad8)")
  (net 27 "Net-(P1-Pad7)")
  (net 28 "Net-(P1-Pad2)")
  (net 29 "Net-(P1-Pad1)")
  (net 30 "Net-(P2-Pad8)")
  (net 31 "Net-(P2-Pad7)")
  (net 32 "Net-(P2-Pad6)")
  (net 33 "Net-(P2-Pad5)")
  (net 34 "Net-(P2-Pad4)")
  (net 35 "Net-(P2-Pad3)")
  (net 36 "Net-(P2-Pad2)")
  (net 37 "Net-(P2-Pad1)")
  (net 38 "Net-(P3-Pad8)")
  (net 39 "Net-(P3-Pad7)")
  (net 40 "Net-(P3-Pad6)")
  (net 41 "Net-(P3-Pad5)")
  (net 42 "Net-(P3-Pad4)")
  (net 43 "Net-(P3-Pad3)")
  (net 44 "Net-(P3-Pad2)")
  (net 45 "Net-(P3-Pad1)")
  (net 46 "Net-(P4-Pad1)")
  (net 47 "Net-(P4-Pad2)")
  (net 48 "Net-(P4-Pad3)")
  (net 49 "Net-(P4-Pad4)")
  (net 50 "Net-(P4-Pad5)")
  (net 51 "Net-(P4-Pad6)")
  (net 52 "Net-(P4-Pad7)")
  (net 53 "Net-(P4-Pad8)")
  (net 54 "Net-(P5-Pad1)")
  (net 55 "Net-(P5-Pad2)")
  (net 56 "Net-(P5-Pad3)")
  (net 57 "Net-(P5-Pad4)")
  (net 58 "Net-(P5-Pad5)")
  (net 59 "Net-(P5-Pad6)")
  (net 60 "Net-(P5-Pad7)")
  (net 61 "Net-(P5-Pad8)")
  (net 62 /VI)
  (net 63 /A)
  (net 64 /B)

  (net_class Default "This is the default net class."
    (clearance 0.1524)
    (trace_width 0.3048)
    (via_dia 1.016)
    (via_drill 0.508)
    (uvia_dia 0.3)
    (uvia_drill 0.1)
    (add_net "Net-(C1-Pad1)")
    (add_net "Net-(C2-Pad1)")
    (add_net "Net-(D1-Pad1)")
    (add_net "Net-(D1-Pad2)")
    (add_net "Net-(D2-Pad1)")
    (add_net "Net-(D2-Pad2)")
    (add_net "Net-(D3-Pad1)")
    (add_net "Net-(D3-Pad2)")
    (add_net "Net-(D4-Pad1)")
    (add_net "Net-(D4-Pad2)")
    (add_net "Net-(D5-Pad1)")
    (add_net "Net-(D5-Pad2)")
    (add_net "Net-(D6-Pad1)")
    (add_net "Net-(D6-Pad2)")
    (add_net "Net-(D7-Pad1)")
    (add_net "Net-(D7-Pad2)")
    (add_net "Net-(D8-Pad1)")
    (add_net "Net-(D8-Pad2)")
    (add_net "Net-(J1-Pad1)")
    (add_net "Net-(J1-Pad3)")
    (add_net "Net-(J1-Pad5)")
    (add_net "Net-(J1-Pad6)")
    (add_net "Net-(J1-Pad9)")
    (add_net "Net-(P1-Pad1)")
    (add_net "Net-(P1-Pad2)")
    (add_net "Net-(P1-Pad7)")
    (add_net "Net-(P1-Pad8)")
    (add_net "Net-(P2-Pad1)")
    (add_net "Net-(P2-Pad2)")
    (add_net "Net-(P2-Pad3)")
    (add_net "Net-(P2-Pad4)")
    (add_net "Net-(P2-Pad5)")
    (add_net "Net-(P2-Pad6)")
    (add_net "Net-(P2-Pad7)")
    (add_net "Net-(P2-Pad8)")
    (add_net "Net-(P3-Pad1)")
    (add_net "Net-(P3-Pad2)")
    (add_net "Net-(P3-Pad3)")
    (add_net "Net-(P3-Pad4)")
    (add_net "Net-(P3-Pad5)")
    (add_net "Net-(P3-Pad6)")
    (add_net "Net-(P3-Pad7)")
    (add_net "Net-(P3-Pad8)")
    (add_net "Net-(P4-Pad1)")
    (add_net "Net-(P4-Pad2)")
    (add_net "Net-(P4-Pad3)")
    (add_net "Net-(P4-Pad4)")
    (add_net "Net-(P4-Pad5)")
    (add_net "Net-(P4-Pad6)")
    (add_net "Net-(P4-Pad7)")
    (add_net "Net-(P4-Pad8)")
    (add_net "Net-(P5-Pad1)")
    (add_net "Net-(P5-Pad2)")
    (add_net "Net-(P5-Pad3)")
    (add_net "Net-(P5-Pad4)")
    (add_net "Net-(P5-Pad5)")
    (add_net "Net-(P5-Pad6)")
    (add_net "Net-(P5-Pad7)")
    (add_net "Net-(P5-Pad8)")
  )

  (net_class POWER ""
    (clearance 0.1524)
    (trace_width 1.27)
    (via_dia 1.27)
    (via_drill 0.508)
    (uvia_dia 0.3)
    (uvia_drill 0.1)
    (add_net /A)
    (add_net /B)
    (add_net /VI)
    (add_net GND)
    (add_net VCC)
  )

  (module FootPrints:AXIAL0_4 (layer F.Cu) (tedit 56ACF211) (tstamp 5D1B0F1A)
    (at 115.57 78.74 270)
    (path /5D1BFDFA)
    (fp_text reference R18 (at -8.128 0.254 270) (layer F.SilkS)
      (effects (font (size 1 1) (thickness 0.15)))
    )
    (fp_text value 3.3K (at -0.508 0.127 270) (layer F.SilkS)
      (effects (font (size 1 1) (thickness 0.15)))
    )
    (fp_line (start 3.81 -1.016) (end -3.81 -1.016) (layer F.SilkS) (width 0.15))
    (fp_line (start -3.81 1.016) (end 3.81 1.016) (layer F.SilkS) (width 0.15))
    (fp_line (start 4.445 0) (end 3.81 0) (layer F.SilkS) (width 0.15))
    (fp_line (start -3.81 0) (end -4.318 0) (layer F.SilkS) (width 0.15))
    (fp_line (start 3.81 -1.016) (end 3.81 1.016) (layer F.SilkS) (width 0.15))
    (fp_line (start -3.81 -1.016) (end -3.81 1.016) (layer F.SilkS) (width 0.15))
    (pad 2 thru_hole circle (at 5.08 0 270) (size 1.5748 1.5748) (drill 0.9144) (layers *.Cu *.Mask F.SilkS)
      (net 29 "Net-(P1-Pad1)"))
    (pad 1 thru_hole circle (at -5.08 0 270) (size 1.5748 1.5748) (drill 0.9144) (layers *.Cu *.Mask F.SilkS)
      (net 4 VCC))
  )

  (module FootPrints:AXIAL0_4 (layer F.Cu) (tedit 56ACF211) (tstamp 5D1B0F0E)
    (at 138.43 90.17 180)
    (path /5D1BEBB1)
    (fp_text reference R17 (at -8.128 0.254 180) (layer F.SilkS)
      (effects (font (size 1 1) (thickness 0.15)))
    )
    (fp_text value 3.3K (at -0.508 0.127 180) (layer F.SilkS)
      (effects (font (size 1 1) (thickness 0.15)))
    )
    (fp_line (start 3.81 -1.016) (end -3.81 -1.016) (layer F.SilkS) (width 0.15))
    (fp_line (start -3.81 1.016) (end 3.81 1.016) (layer F.SilkS) (width 0.15))
    (fp_line (start 4.445 0) (end 3.81 0) (layer F.SilkS) (width 0.15))
    (fp_line (start -3.81 0) (end -4.318 0) (layer F.SilkS) (width 0.15))
    (fp_line (start 3.81 -1.016) (end 3.81 1.016) (layer F.SilkS) (width 0.15))
    (fp_line (start -3.81 -1.016) (end -3.81 1.016) (layer F.SilkS) (width 0.15))
    (pad 2 thru_hole circle (at 5.08 0 180) (size 1.5748 1.5748) (drill 0.9144) (layers *.Cu *.Mask F.SilkS)
      (net 28 "Net-(P1-Pad2)"))
    (pad 1 thru_hole circle (at -5.08 0 180) (size 1.5748 1.5748) (drill 0.9144) (layers *.Cu *.Mask F.SilkS)
      (net 4 VCC))
  )

  (module FootPrints:MountingHole_140 (layer F.Cu) (tedit 572FB1CB) (tstamp 5CDE57B3)
    (at 91.44 123.19)
    (path /5CE1B250)
    (fp_text reference P10 (at 0 6.35) (layer F.SilkS) hide
      (effects (font (size 1 1) (thickness 0.15)))
    )
    (fp_text value PAD (at 0 5.08) (layer F.SilkS) hide
      (effects (font (size 1 1) (thickness 0.15)))
    )
    (pad "" thru_hole circle (at 0 0) (size 6.35 6.35) (drill 3.556) (layers *.Cu *.Mask F.SilkS))
  )

  (module FootPrints:MountingHole_140 (layer F.Cu) (tedit 572FB1CB) (tstamp 5CDE57AE)
    (at 173.99 123.19)
    (path /5CE1AF5B)
    (fp_text reference P9 (at 0.635 6.985) (layer F.SilkS) hide
      (effects (font (size 1 1) (thickness 0.15)))
    )
    (fp_text value PAD (at 0 5.08) (layer F.SilkS) hide
      (effects (font (size 1 1) (thickness 0.15)))
    )
    (pad "" thru_hole circle (at 0 0) (size 6.35 6.35) (drill 3.556) (layers *.Cu *.Mask F.SilkS))
  )

  (module FootPrints:MountingHole_140 (layer F.Cu) (tedit 572FB1CB) (tstamp 5CDE57A9)
    (at 173.99 46.99)
    (path /5CE1ABC8)
    (fp_text reference P8 (at 0 -5.08 90) (layer F.SilkS) hide
      (effects (font (size 1 1) (thickness 0.15)))
    )
    (fp_text value PAD (at 0.635 -6.35) (layer F.SilkS) hide
      (effects (font (size 1 1) (thickness 0.15)))
    )
    (pad "" thru_hole circle (at 0 0) (size 6.35 6.35) (drill 3.556) (layers *.Cu *.Mask F.SilkS))
  )

  (module FootPrints:MountingHole_140 (layer F.Cu) (tedit 572FB1CB) (tstamp 5CDE57A4)
    (at 91.44 46.99)
    (path /5CE19701)
    (fp_text reference P7 (at 0 -5.715) (layer F.Fab) hide
      (effects (font (size 1 1) (thickness 0.15)))
    )
    (fp_text value PAD (at 0 -6.985) (layer F.Fab) hide
      (effects (font (size 1 1) (thickness 0.15)))
    )
    (pad "" thru_hole circle (at 0 0) (size 6.35 6.35) (drill 3.556) (layers *.Cu *.Mask F.SilkS))
  )

  (module FootPrints:DC-JACK-CUI-PJ-085AH (layer F.Cu) (tedit 5CC3C669) (tstamp 5CF44898)
    (at 163.83 125.73 90)
    (path /5CC9422A)
    (fp_text reference J2 (at 6.985 5.842 90) (layer F.SilkS)
      (effects (font (size 1 1) (thickness 0.15)))
    )
    (fp_text value "9V DC" (at 6.096 -8.509 90) (layer F.SilkS)
      (effects (font (size 1 1) (thickness 0.15)))
    )
    (fp_line (start 12.192 -7.239) (end 0 -7.239) (layer F.SilkS) (width 0.15))
    (fp_line (start 12.319 -7.112) (end 12.192 -7.239) (layer F.SilkS) (width 0.15))
    (fp_line (start 12.319 -6.858) (end 12.319 -7.112) (layer F.SilkS) (width 0.15))
    (fp_line (start 12.319 4.826) (end 12.319 -6.858) (layer F.SilkS) (width 0.15))
    (fp_line (start 11.811 4.826) (end 12.319 4.826) (layer F.SilkS) (width 0.15))
    (fp_line (start 0 4.826) (end 11.811 4.826) (layer F.SilkS) (width 0.15))
    (fp_line (start 0 -7.366) (end 0 4.826) (layer F.SilkS) (width 0.15))
    (pad 7 thru_hole circle (at 10.3 3.4 90) (size 2.5 2.5) (drill 2) (layers *.Cu *.Mask))
    (pad 6 thru_hole circle (at 3 -6.1 90) (size 2.5 2.5) (drill 2) (layers *.Cu *.Mask))
    (pad 5 thru_hole circle (at 3 3.7 90) (size 2.5 2.5) (drill 2) (layers *.Cu *.Mask))
    (pad 4 thru_hole circle (at 4 0 90) (size 4 4) (drill 2.5) (layers *.Cu *.Mask))
    (pad 2 thru_hole circle (at 10.3 -5.2 90) (size 2.7 2.7) (drill 2) (layers *.Cu *.Mask)
      (net 64 /B))
    (pad 1 thru_hole circle (at 11.25 0 90) (size 2.7 2.7) (drill 2) (layers *.Cu *.Mask)
      (net 63 /A))
  )

  (module FootPrints:CAP-0.1 (layer F.Cu) (tedit 56D66FB6) (tstamp 5CBD3333)
    (at 116.84 118.11 270)
    (path /5CBCF3BC)
    (fp_text reference C1 (at 3.683 0.381 270) (layer F.SilkS)
      (effects (font (size 1 1) (thickness 0.15)))
    )
    (fp_text value 27 (at 3.683 -1.651 270) (layer F.SilkS)
      (effects (font (size 1 1) (thickness 0.15)))
    )
    (fp_arc (start 1.27 0) (end 2.54 0) (angle 90) (layer F.SilkS) (width 0.15))
    (fp_arc (start 1.27 0) (end 1.27 -1.27) (angle 90) (layer F.SilkS) (width 0.15))
    (fp_arc (start -1.27 0) (end -2.54 0) (angle 90) (layer F.SilkS) (width 0.15))
    (fp_arc (start -1.27 0) (end -1.27 1.27) (angle 90) (layer F.SilkS) (width 0.15))
    (fp_line (start 1.27 1.27) (end -1.27 1.27) (layer F.SilkS) (width 0.15))
    (fp_line (start -1.27 -1.27) (end 1.27 -1.27) (layer F.SilkS) (width 0.15))
    (pad 1 thru_hole circle (at -1.27 0 270) (size 1.5748 1.5748) (drill 0.9144) (layers *.Cu *.Mask F.SilkS)
      (net 1 "Net-(C1-Pad1)"))
    (pad 2 thru_hole circle (at 1.27 0 270) (size 1.5748 1.5748) (drill 0.9144) (layers *.Cu *.Mask F.SilkS)
      (net 2 GND))
  )

  (module FootPrints:CAP-0.1 (layer F.Cu) (tedit 56D66FB6) (tstamp 5CBD333F)
    (at 129.54 113.03)
    (path /5CBCF438)
    (fp_text reference C2 (at 4.445 0.254) (layer F.SilkS)
      (effects (font (size 1 1) (thickness 0.15)))
    )
    (fp_text value 27pF (at 0.635 -2.286) (layer F.SilkS)
      (effects (font (size 1 1) (thickness 0.15)))
    )
    (fp_line (start -1.27 -1.27) (end 1.27 -1.27) (layer F.SilkS) (width 0.15))
    (fp_line (start 1.27 1.27) (end -1.27 1.27) (layer F.SilkS) (width 0.15))
    (fp_arc (start -1.27 0) (end -1.27 1.27) (angle 90) (layer F.SilkS) (width 0.15))
    (fp_arc (start -1.27 0) (end -2.54 0) (angle 90) (layer F.SilkS) (width 0.15))
    (fp_arc (start 1.27 0) (end 1.27 -1.27) (angle 90) (layer F.SilkS) (width 0.15))
    (fp_arc (start 1.27 0) (end 2.54 0) (angle 90) (layer F.SilkS) (width 0.15))
    (pad 2 thru_hole circle (at 1.27 0) (size 1.5748 1.5748) (drill 0.9144) (layers *.Cu *.Mask F.SilkS)
      (net 2 GND))
    (pad 1 thru_hole circle (at -1.27 0) (size 1.5748 1.5748) (drill 0.9144) (layers *.Cu *.Mask F.SilkS)
      (net 3 "Net-(C2-Pad1)"))
  )

  (module FootPrints:Cap-Pol-Rad-0.2_0.1 (layer F.Cu) (tedit 58AA21B9) (tstamp 5CBD3348)
    (at 158.75 105.41 90)
    (path /5CBD3694)
    (fp_text reference C3 (at -4.445 -1.905 90) (layer F.SilkS)
      (effects (font (size 1 1) (thickness 0.15)))
    )
    (fp_text value 10uF (at -4.445 0 90) (layer F.SilkS)
      (effects (font (size 1 1) (thickness 0.15)))
    )
    (fp_circle (center 0 0) (end 2.54 0) (layer F.SilkS) (width 0.15))
    (fp_line (start 2.159 -2.286) (end 2.159 -1.778) (layer F.SilkS) (width 0.15))
    (fp_line (start 2.413 -2.032) (end 1.905 -2.032) (layer F.SilkS) (width 0.15))
    (pad 1 thru_hole rect (at 1.27 0 90) (size 1.5748 1.5748) (drill 0.9144) (layers *.Cu *.Mask)
      (net 62 /VI))
    (pad 2 thru_hole circle (at -1.27 0 90) (size 1.5748 1.5748) (drill 0.9144) (layers *.Cu *.Mask)
      (net 2 GND))
  )

  (module FootPrints:Cap-Pol-Rad-0.2_0.1 (layer F.Cu) (tedit 58AA21B9) (tstamp 5CBD3351)
    (at 156.21 95.25 180)
    (path /5CBD378A)
    (fp_text reference C4 (at 0 3.04 180) (layer F.SilkS)
      (effects (font (size 1 1) (thickness 0.15)))
    )
    (fp_text value 10uF (at -0.508 4.191 180) (layer F.SilkS)
      (effects (font (size 1 1) (thickness 0.15)))
    )
    (fp_line (start 2.413 -2.032) (end 1.905 -2.032) (layer F.SilkS) (width 0.15))
    (fp_line (start 2.159 -2.286) (end 2.159 -1.778) (layer F.SilkS) (width 0.15))
    (fp_circle (center 0 0) (end 2.54 0) (layer F.SilkS) (width 0.15))
    (pad 2 thru_hole circle (at -1.27 0 180) (size 1.5748 1.5748) (drill 0.9144) (layers *.Cu *.Mask)
      (net 2 GND))
    (pad 1 thru_hole rect (at 1.27 0 180) (size 1.5748 1.5748) (drill 0.9144) (layers *.Cu *.Mask)
      (net 4 VCC))
  )

  (module FootPrints:CAP-Bypass-0_3 (layer F.Cu) (tedit 56B42E37) (tstamp 5CBD335F)
    (at 114.3 87.63)
    (path /5CC49C43)
    (fp_text reference C5 (at 6.985 0) (layer F.SilkS)
      (effects (font (size 1 1) (thickness 0.15)))
    )
    (fp_text value 0.1uF (at 0 3.81) (layer F.SilkS)
      (effects (font (size 1 1) (thickness 0.15)))
    )
    (fp_arc (start 0.635 0) (end 1.27 0) (angle 90) (layer F.SilkS) (width 0.15))
    (fp_arc (start 0.635 0) (end 0.635 -0.635) (angle 90) (layer F.SilkS) (width 0.15))
    (fp_arc (start -0.635 0) (end -0.635 0.635) (angle 90) (layer F.SilkS) (width 0.15))
    (fp_arc (start -0.635 0) (end -1.27 0) (angle 90) (layer F.SilkS) (width 0.15))
    (fp_line (start -0.635 0.635) (end 0.635 0.635) (layer F.SilkS) (width 0.15))
    (fp_line (start -0.635 -0.635) (end 0.635 -0.635) (layer F.SilkS) (width 0.15))
    (fp_line (start 2.54 0) (end 1.27 0) (layer F.SilkS) (width 0.15))
    (fp_line (start -2.54 0) (end -1.27 0) (layer F.SilkS) (width 0.15))
    (pad 1 thru_hole circle (at -3.81 0) (size 1.5748 1.5748) (drill 0.9144) (layers *.Cu *.Mask F.SilkS)
      (net 4 VCC))
    (pad 2 thru_hole circle (at 3.81 0) (size 1.5748 1.5748) (drill 0.9144) (layers *.Cu *.Mask F.SilkS)
      (net 2 GND))
  )

  (module FootPrints:LED_5.0mm (layer F.Cu) (tedit 58A0C566) (tstamp 5CBD3370)
    (at 99.06 67.31 90)
    (descr "LED, diameter 5.0mm, 2 pins, http://cdn-reichelt.de/documents/datenblatt/A500/LL-504BC2E-009.pdf")
    (tags "LED diameter 5.0mm 2 pins")
    (path /5D0B6082/5D0C159D)
    (fp_text reference D1 (at -3.556 0 180) (layer F.SilkS)
      (effects (font (size 1 1) (thickness 0.15)))
    )
    (fp_text value LED (at -13.462 85.09 180) (layer F.SilkS)
      (effects (font (size 1 1) (thickness 0.15)))
    )
    (fp_arc (start 1.27 0) (end -1.23 -1.469694) (angle 299.1) (layer F.Fab) (width 0.1))
    (fp_arc (start 1.27 0) (end -1.29 -1.54483) (angle 148.9) (layer F.SilkS) (width 0.12))
    (fp_arc (start 1.27 0) (end -1.29 1.54483) (angle -148.9) (layer F.SilkS) (width 0.12))
    (fp_circle (center 1.27 0) (end 3.77 0) (layer F.Fab) (width 0.1))
    (fp_circle (center 1.27 0) (end 3.77 0) (layer F.SilkS) (width 0.12))
    (fp_line (start -1.23 -1.469694) (end -1.23 1.469694) (layer F.Fab) (width 0.1))
    (fp_line (start -1.29 -1.545) (end -1.29 1.545) (layer F.SilkS) (width 0.12))
    (fp_line (start -1.95 -3.25) (end -1.95 3.25) (layer F.CrtYd) (width 0.05))
    (fp_line (start -1.95 3.25) (end 4.5 3.25) (layer F.CrtYd) (width 0.05))
    (fp_line (start 4.5 3.25) (end 4.5 -3.25) (layer F.CrtYd) (width 0.05))
    (fp_line (start 4.5 -3.25) (end -1.95 -3.25) (layer F.CrtYd) (width 0.05))
    (pad 1 thru_hole rect (at 0 0 90) (size 1.8 1.8) (drill 0.9144) (layers *.Cu *.Mask)
      (net 5 "Net-(D1-Pad1)"))
    (pad 2 thru_hole circle (at 2.54 0 90) (size 1.8 1.8) (drill 0.9144) (layers *.Cu *.Mask)
      (net 6 "Net-(D1-Pad2)"))
    (model LEDs.3dshapes/LED_D5.0mm.wrl
      (at (xyz 0 0 0))
      (scale (xyz 0.393701 0.393701 0.393701))
      (rotate (xyz 0 0 0))
    )
  )

  (module FootPrints:LED_5.0mm (layer F.Cu) (tedit 58A0C566) (tstamp 5CBD3381)
    (at 107.95 67.31 90)
    (descr "LED, diameter 5.0mm, 2 pins, http://cdn-reichelt.de/documents/datenblatt/A500/LL-504BC2E-009.pdf")
    (tags "LED diameter 5.0mm 2 pins")
    (path /5D0B6082/5D0C15A9)
    (fp_text reference D2 (at -3.556 0.254 180) (layer F.SilkS)
      (effects (font (size 1 1) (thickness 0.15)))
    )
    (fp_text value LED (at -11.43 75.819 180) (layer F.SilkS)
      (effects (font (size 1 1) (thickness 0.15)))
    )
    (fp_line (start 4.5 -3.25) (end -1.95 -3.25) (layer F.CrtYd) (width 0.05))
    (fp_line (start 4.5 3.25) (end 4.5 -3.25) (layer F.CrtYd) (width 0.05))
    (fp_line (start -1.95 3.25) (end 4.5 3.25) (layer F.CrtYd) (width 0.05))
    (fp_line (start -1.95 -3.25) (end -1.95 3.25) (layer F.CrtYd) (width 0.05))
    (fp_line (start -1.29 -1.545) (end -1.29 1.545) (layer F.SilkS) (width 0.12))
    (fp_line (start -1.23 -1.469694) (end -1.23 1.469694) (layer F.Fab) (width 0.1))
    (fp_circle (center 1.27 0) (end 3.77 0) (layer F.SilkS) (width 0.12))
    (fp_circle (center 1.27 0) (end 3.77 0) (layer F.Fab) (width 0.1))
    (fp_arc (start 1.27 0) (end -1.29 1.54483) (angle -148.9) (layer F.SilkS) (width 0.12))
    (fp_arc (start 1.27 0) (end -1.29 -1.54483) (angle 148.9) (layer F.SilkS) (width 0.12))
    (fp_arc (start 1.27 0) (end -1.23 -1.469694) (angle 299.1) (layer F.Fab) (width 0.1))
    (pad 2 thru_hole circle (at 2.54 0 90) (size 1.8 1.8) (drill 0.9144) (layers *.Cu *.Mask)
      (net 7 "Net-(D2-Pad2)"))
    (pad 1 thru_hole rect (at 0 0 90) (size 1.8 1.8) (drill 0.9144) (layers *.Cu *.Mask)
      (net 8 "Net-(D2-Pad1)"))
    (model LEDs.3dshapes/LED_D5.0mm.wrl
      (at (xyz 0 0 0))
      (scale (xyz 0.393701 0.393701 0.393701))
      (rotate (xyz 0 0 0))
    )
  )

  (module FootPrints:LED_5.0mm (layer F.Cu) (tedit 58A0C566) (tstamp 5CBD3392)
    (at 116.84 67.31 90)
    (descr "LED, diameter 5.0mm, 2 pins, http://cdn-reichelt.de/documents/datenblatt/A500/LL-504BC2E-009.pdf")
    (tags "LED diameter 5.0mm 2 pins")
    (path /5D0B6082/5D0C15B5)
    (fp_text reference D3 (at -3.556 0.254 180) (layer F.SilkS)
      (effects (font (size 1 1) (thickness 0.15)))
    )
    (fp_text value LED (at -9.906 66.548 180) (layer F.SilkS)
      (effects (font (size 1 1) (thickness 0.15)))
    )
    (fp_arc (start 1.27 0) (end -1.23 -1.469694) (angle 299.1) (layer F.Fab) (width 0.1))
    (fp_arc (start 1.27 0) (end -1.29 -1.54483) (angle 148.9) (layer F.SilkS) (width 0.12))
    (fp_arc (start 1.27 0) (end -1.29 1.54483) (angle -148.9) (layer F.SilkS) (width 0.12))
    (fp_circle (center 1.27 0) (end 3.77 0) (layer F.Fab) (width 0.1))
    (fp_circle (center 1.27 0) (end 3.77 0) (layer F.SilkS) (width 0.12))
    (fp_line (start -1.23 -1.469694) (end -1.23 1.469694) (layer F.Fab) (width 0.1))
    (fp_line (start -1.29 -1.545) (end -1.29 1.545) (layer F.SilkS) (width 0.12))
    (fp_line (start -1.95 -3.25) (end -1.95 3.25) (layer F.CrtYd) (width 0.05))
    (fp_line (start -1.95 3.25) (end 4.5 3.25) (layer F.CrtYd) (width 0.05))
    (fp_line (start 4.5 3.25) (end 4.5 -3.25) (layer F.CrtYd) (width 0.05))
    (fp_line (start 4.5 -3.25) (end -1.95 -3.25) (layer F.CrtYd) (width 0.05))
    (pad 1 thru_hole rect (at 0 0 90) (size 1.8 1.8) (drill 0.9144) (layers *.Cu *.Mask)
      (net 9 "Net-(D3-Pad1)"))
    (pad 2 thru_hole circle (at 2.54 0 90) (size 1.8 1.8) (drill 0.9144) (layers *.Cu *.Mask)
      (net 10 "Net-(D3-Pad2)"))
    (model LEDs.3dshapes/LED_D5.0mm.wrl
      (at (xyz 0 0 0))
      (scale (xyz 0.393701 0.393701 0.393701))
      (rotate (xyz 0 0 0))
    )
  )

  (module FootPrints:LED_5.0mm (layer F.Cu) (tedit 58A0C566) (tstamp 5CBD33A3)
    (at 125.73 67.31 90)
    (descr "LED, diameter 5.0mm, 2 pins, http://cdn-reichelt.de/documents/datenblatt/A500/LL-504BC2E-009.pdf")
    (tags "LED diameter 5.0mm 2 pins")
    (path /5D0B6082/5D0C15C1)
    (fp_text reference D4 (at -3.302 0 180) (layer F.SilkS)
      (effects (font (size 1 1) (thickness 0.15)))
    )
    (fp_text value LED (at -8.382 57.912 180) (layer F.SilkS)
      (effects (font (size 1 1) (thickness 0.15)))
    )
    (fp_line (start 4.5 -3.25) (end -1.95 -3.25) (layer F.CrtYd) (width 0.05))
    (fp_line (start 4.5 3.25) (end 4.5 -3.25) (layer F.CrtYd) (width 0.05))
    (fp_line (start -1.95 3.25) (end 4.5 3.25) (layer F.CrtYd) (width 0.05))
    (fp_line (start -1.95 -3.25) (end -1.95 3.25) (layer F.CrtYd) (width 0.05))
    (fp_line (start -1.29 -1.545) (end -1.29 1.545) (layer F.SilkS) (width 0.12))
    (fp_line (start -1.23 -1.469694) (end -1.23 1.469694) (layer F.Fab) (width 0.1))
    (fp_circle (center 1.27 0) (end 3.77 0) (layer F.SilkS) (width 0.12))
    (fp_circle (center 1.27 0) (end 3.77 0) (layer F.Fab) (width 0.1))
    (fp_arc (start 1.27 0) (end -1.29 1.54483) (angle -148.9) (layer F.SilkS) (width 0.12))
    (fp_arc (start 1.27 0) (end -1.29 -1.54483) (angle 148.9) (layer F.SilkS) (width 0.12))
    (fp_arc (start 1.27 0) (end -1.23 -1.469694) (angle 299.1) (layer F.Fab) (width 0.1))
    (pad 2 thru_hole circle (at 2.54 0 90) (size 1.8 1.8) (drill 0.9144) (layers *.Cu *.Mask)
      (net 11 "Net-(D4-Pad2)"))
    (pad 1 thru_hole rect (at 0 0 90) (size 1.8 1.8) (drill 0.9144) (layers *.Cu *.Mask)
      (net 12 "Net-(D4-Pad1)"))
    (model LEDs.3dshapes/LED_D5.0mm.wrl
      (at (xyz 0 0 0))
      (scale (xyz 0.393701 0.393701 0.393701))
      (rotate (xyz 0 0 0))
    )
  )

  (module FootPrints:LED_5.0mm (layer F.Cu) (tedit 58A0C566) (tstamp 5CDE4A8A)
    (at 134.62 67.31 90)
    (descr "LED, diameter 5.0mm, 2 pins, http://cdn-reichelt.de/documents/datenblatt/A500/LL-504BC2E-009.pdf")
    (tags "LED diameter 5.0mm 2 pins")
    (path /5D0B6082/5D0C15CD)
    (fp_text reference D5 (at -3.175 0 180) (layer F.SilkS)
      (effects (font (size 1 1) (thickness 0.15)))
    )
    (fp_text value LED (at -6.985 48.387) (layer F.SilkS)
      (effects (font (size 1 1) (thickness 0.15)))
    )
    (fp_arc (start 1.27 0) (end -1.23 -1.469694) (angle 299.1) (layer F.Fab) (width 0.1))
    (fp_arc (start 1.27 0) (end -1.29 -1.54483) (angle 148.9) (layer F.SilkS) (width 0.12))
    (fp_arc (start 1.27 0) (end -1.29 1.54483) (angle -148.9) (layer F.SilkS) (width 0.12))
    (fp_circle (center 1.27 0) (end 3.77 0) (layer F.Fab) (width 0.1))
    (fp_circle (center 1.27 0) (end 3.77 0) (layer F.SilkS) (width 0.12))
    (fp_line (start -1.23 -1.469694) (end -1.23 1.469694) (layer F.Fab) (width 0.1))
    (fp_line (start -1.29 -1.545) (end -1.29 1.545) (layer F.SilkS) (width 0.12))
    (fp_line (start -1.95 -3.25) (end -1.95 3.25) (layer F.CrtYd) (width 0.05))
    (fp_line (start -1.95 3.25) (end 4.5 3.25) (layer F.CrtYd) (width 0.05))
    (fp_line (start 4.5 3.25) (end 4.5 -3.25) (layer F.CrtYd) (width 0.05))
    (fp_line (start 4.5 -3.25) (end -1.95 -3.25) (layer F.CrtYd) (width 0.05))
    (pad 1 thru_hole rect (at 0 0 90) (size 1.8 1.8) (drill 0.9144) (layers *.Cu *.Mask)
      (net 13 "Net-(D5-Pad1)"))
    (pad 2 thru_hole circle (at 2.54 0 90) (size 1.8 1.8) (drill 0.9144) (layers *.Cu *.Mask)
      (net 14 "Net-(D5-Pad2)"))
    (model LEDs.3dshapes/LED_D5.0mm.wrl
      (at (xyz 0 0 0))
      (scale (xyz 0.393701 0.393701 0.393701))
      (rotate (xyz 0 0 0))
    )
  )

  (module FootPrints:LED_5.0mm (layer F.Cu) (tedit 58A0C566) (tstamp 5CBD33C5)
    (at 143.51 67.31 90)
    (descr "LED, diameter 5.0mm, 2 pins, http://cdn-reichelt.de/documents/datenblatt/A500/LL-504BC2E-009.pdf")
    (tags "LED diameter 5.0mm 2 pins")
    (path /5D0B6082/5D0C15D9)
    (fp_text reference D6 (at -3.048 -0.127 180) (layer F.SilkS)
      (effects (font (size 1 1) (thickness 0.15)))
    )
    (fp_text value LED (at -5.461 39.243 180) (layer F.SilkS)
      (effects (font (size 1 1) (thickness 0.15)))
    )
    (fp_arc (start 1.27 0) (end -1.23 -1.469694) (angle 299.1) (layer F.Fab) (width 0.1))
    (fp_arc (start 1.27 0) (end -1.29 -1.54483) (angle 148.9) (layer F.SilkS) (width 0.12))
    (fp_arc (start 1.27 0) (end -1.29 1.54483) (angle -148.9) (layer F.SilkS) (width 0.12))
    (fp_circle (center 1.27 0) (end 3.77 0) (layer F.Fab) (width 0.1))
    (fp_circle (center 1.27 0) (end 3.77 0) (layer F.SilkS) (width 0.12))
    (fp_line (start -1.23 -1.469694) (end -1.23 1.469694) (layer F.Fab) (width 0.1))
    (fp_line (start -1.29 -1.545) (end -1.29 1.545) (layer F.SilkS) (width 0.12))
    (fp_line (start -1.95 -3.25) (end -1.95 3.25) (layer F.CrtYd) (width 0.05))
    (fp_line (start -1.95 3.25) (end 4.5 3.25) (layer F.CrtYd) (width 0.05))
    (fp_line (start 4.5 3.25) (end 4.5 -3.25) (layer F.CrtYd) (width 0.05))
    (fp_line (start 4.5 -3.25) (end -1.95 -3.25) (layer F.CrtYd) (width 0.05))
    (pad 1 thru_hole rect (at 0 0 90) (size 1.8 1.8) (drill 0.9144) (layers *.Cu *.Mask)
      (net 15 "Net-(D6-Pad1)"))
    (pad 2 thru_hole circle (at 2.54 0 90) (size 1.8 1.8) (drill 0.9144) (layers *.Cu *.Mask)
      (net 16 "Net-(D6-Pad2)"))
    (model LEDs.3dshapes/LED_D5.0mm.wrl
      (at (xyz 0 0 0))
      (scale (xyz 0.393701 0.393701 0.393701))
      (rotate (xyz 0 0 0))
    )
  )

  (module FootPrints:LED_5.0mm (layer F.Cu) (tedit 58A0C566) (tstamp 5CDE4952)
    (at 153.67 67.31 90)
    (descr "LED, diameter 5.0mm, 2 pins, http://cdn-reichelt.de/documents/datenblatt/A500/LL-504BC2E-009.pdf")
    (tags "LED diameter 5.0mm 2 pins")
    (path /5D0B6082/5D0C15E5)
    (fp_text reference D7 (at -2.54 -1.905 180) (layer F.SilkS)
      (effects (font (size 1 1) (thickness 0.15)))
    )
    (fp_text value LED (at -3.556 28.956 180) (layer F.SilkS)
      (effects (font (size 1 1) (thickness 0.15)))
    )
    (fp_line (start 4.5 -3.25) (end -1.95 -3.25) (layer F.CrtYd) (width 0.05))
    (fp_line (start 4.5 3.25) (end 4.5 -3.25) (layer F.CrtYd) (width 0.05))
    (fp_line (start -1.95 3.25) (end 4.5 3.25) (layer F.CrtYd) (width 0.05))
    (fp_line (start -1.95 -3.25) (end -1.95 3.25) (layer F.CrtYd) (width 0.05))
    (fp_line (start -1.29 -1.545) (end -1.29 1.545) (layer F.SilkS) (width 0.12))
    (fp_line (start -1.23 -1.469694) (end -1.23 1.469694) (layer F.Fab) (width 0.1))
    (fp_circle (center 1.27 0) (end 3.77 0) (layer F.SilkS) (width 0.12))
    (fp_circle (center 1.27 0) (end 3.77 0) (layer F.Fab) (width 0.1))
    (fp_arc (start 1.27 0) (end -1.29 1.54483) (angle -148.9) (layer F.SilkS) (width 0.12))
    (fp_arc (start 1.27 0) (end -1.29 -1.54483) (angle 148.9) (layer F.SilkS) (width 0.12))
    (fp_arc (start 1.27 0) (end -1.23 -1.469694) (angle 299.1) (layer F.Fab) (width 0.1))
    (pad 2 thru_hole circle (at 2.54 0 90) (size 1.8 1.8) (drill 0.9144) (layers *.Cu *.Mask)
      (net 17 "Net-(D7-Pad2)"))
    (pad 1 thru_hole rect (at 0 0 90) (size 1.8 1.8) (drill 0.9144) (layers *.Cu *.Mask)
      (net 18 "Net-(D7-Pad1)"))
    (model LEDs.3dshapes/LED_D5.0mm.wrl
      (at (xyz 0 0 0))
      (scale (xyz 0.393701 0.393701 0.393701))
      (rotate (xyz 0 0 0))
    )
  )

  (module FootPrints:LED_5.0mm (layer F.Cu) (tedit 58A0C566) (tstamp 5CDE48D6)
    (at 162.56 67.31 90)
    (descr "LED, diameter 5.0mm, 2 pins, http://cdn-reichelt.de/documents/datenblatt/A500/LL-504BC2E-009.pdf")
    (tags "LED diameter 5.0mm 2 pins")
    (path /5D0B6082/5D0C15F1)
    (fp_text reference D8 (at -3.81 0 180) (layer F.SilkS)
      (effects (font (size 1 1) (thickness 0.15)))
    )
    (fp_text value LED (at -1.778 19.685 -180) (layer F.SilkS)
      (effects (font (size 1 1) (thickness 0.15)))
    )
    (fp_line (start 4.5 -3.25) (end -1.95 -3.25) (layer F.CrtYd) (width 0.05))
    (fp_line (start 4.5 3.25) (end 4.5 -3.25) (layer F.CrtYd) (width 0.05))
    (fp_line (start -1.95 3.25) (end 4.5 3.25) (layer F.CrtYd) (width 0.05))
    (fp_line (start -1.95 -3.25) (end -1.95 3.25) (layer F.CrtYd) (width 0.05))
    (fp_line (start -1.29 -1.545) (end -1.29 1.545) (layer F.SilkS) (width 0.12))
    (fp_line (start -1.23 -1.469694) (end -1.23 1.469694) (layer F.Fab) (width 0.1))
    (fp_circle (center 1.27 0) (end 3.77 0) (layer F.SilkS) (width 0.12))
    (fp_circle (center 1.27 0) (end 3.77 0) (layer F.Fab) (width 0.1))
    (fp_arc (start 1.27 0) (end -1.29 1.54483) (angle -148.9) (layer F.SilkS) (width 0.12))
    (fp_arc (start 1.27 0) (end -1.29 -1.54483) (angle 148.9) (layer F.SilkS) (width 0.12))
    (fp_arc (start 1.27 0) (end -1.23 -1.469694) (angle 299.1) (layer F.Fab) (width 0.1))
    (pad 2 thru_hole circle (at 2.54 0 90) (size 1.8 1.8) (drill 0.9144) (layers *.Cu *.Mask)
      (net 19 "Net-(D8-Pad2)"))
    (pad 1 thru_hole rect (at 0 0 90) (size 1.8 1.8) (drill 0.9144) (layers *.Cu *.Mask)
      (net 20 "Net-(D8-Pad1)"))
    (model LEDs.3dshapes/LED_D5.0mm.wrl
      (at (xyz 0 0 0))
      (scale (xyz 0.393701 0.393701 0.393701))
      (rotate (xyz 0 0 0))
    )
  )

  (module FootPrints:IDC5x2_Vert (layer F.Cu) (tedit 58C2383B) (tstamp 5CBD33FD)
    (at 147.32 100.33 90)
    (path /5CC056BD)
    (fp_text reference J1 (at -11.43 0 90) (layer F.SilkS)
      (effects (font (size 1 1) (thickness 0.15)))
    )
    (fp_text value AVR-JTAG (at -1.905 -5.715 90) (layer F.SilkS)
      (effects (font (size 1 1) (thickness 0.15)))
    )
    (fp_line (start 10.16 4.445) (end 10.16 2.54) (layer F.SilkS) (width 0.15))
    (fp_line (start -10.16 4.445) (end 10.16 4.445) (layer F.SilkS) (width 0.15))
    (fp_line (start -10.16 2.54) (end -10.16 4.445) (layer F.SilkS) (width 0.15))
    (fp_line (start 10.16 -4.445) (end 10.16 -2.54) (layer F.SilkS) (width 0.15))
    (fp_line (start -10.16 -4.445) (end 10.16 -4.445) (layer F.SilkS) (width 0.15))
    (fp_line (start -10.16 -2.54) (end -10.16 -4.445) (layer F.SilkS) (width 0.15))
    (fp_line (start -10.16 2.54) (end -10.16 -2.54) (layer F.SilkS) (width 0.15))
    (fp_line (start 10.16 -2.54) (end 10.16 2.54) (layer F.SilkS) (width 0.15))
    (pad 1 thru_hole rect (at 5.08 -1.27 90) (size 1.5748 1.5748) (drill 0.9144) (layers *.Cu *.Mask F.SilkS)
      (net 21 "Net-(J1-Pad1)"))
    (pad 2 thru_hole circle (at 5.08 1.27 90) (size 1.5748 1.5748) (drill 0.9144) (layers *.Cu *.Mask F.SilkS)
      (net 2 GND))
    (pad 3 thru_hole circle (at 2.54 -1.27 90) (size 1.5748 1.5748) (drill 0.9144) (layers *.Cu *.Mask F.SilkS)
      (net 22 "Net-(J1-Pad3)"))
    (pad 4 thru_hole circle (at 2.54 1.27 90) (size 1.5748 1.5748) (drill 0.9144) (layers *.Cu *.Mask F.SilkS)
      (net 4 VCC))
    (pad 5 thru_hole circle (at 0 -1.27 90) (size 1.5748 1.5748) (drill 0.9144) (layers *.Cu *.Mask F.SilkS)
      (net 23 "Net-(J1-Pad5)"))
    (pad 6 thru_hole circle (at 0 1.27 90) (size 1.5748 1.5748) (drill 0.9144) (layers *.Cu *.Mask F.SilkS)
      (net 24 "Net-(J1-Pad6)"))
    (pad 7 thru_hole circle (at -2.54 -1.27 90) (size 1.5748 1.5748) (drill 0.9144) (layers *.Cu *.Mask F.SilkS))
    (pad 8 thru_hole circle (at -2.54 1.27 90) (size 1.5748 1.5748) (drill 0.9144) (layers *.Cu *.Mask F.SilkS))
    (pad 9 thru_hole circle (at -5.08 -1.27 90) (size 1.5748 1.5748) (drill 0.9144) (layers *.Cu *.Mask F.SilkS)
      (net 25 "Net-(J1-Pad9)"))
    (pad 10 thru_hole circle (at -5.08 1.27 90) (size 1.5748 1.5748) (drill 0.9144) (layers *.Cu *.Mask F.SilkS)
      (net 2 GND))
  )

  (module FootPrints:IDC5x2_Vert (layer F.Cu) (tedit 58C2383B) (tstamp 5CBD3425)
    (at 127 80.01 180)
    (path /5CB82366)
    (fp_text reference P1 (at 0 6.35 180) (layer F.SilkS)
      (effects (font (size 1 1) (thickness 0.15)))
    )
    (fp_text value PORTC (at 1.27 5.08 180) (layer F.SilkS)
      (effects (font (size 1 1) (thickness 0.15)))
    )
    (fp_line (start 10.16 -2.54) (end 10.16 2.54) (layer F.SilkS) (width 0.15))
    (fp_line (start -10.16 2.54) (end -10.16 -2.54) (layer F.SilkS) (width 0.15))
    (fp_line (start -10.16 -2.54) (end -10.16 -4.445) (layer F.SilkS) (width 0.15))
    (fp_line (start -10.16 -4.445) (end 10.16 -4.445) (layer F.SilkS) (width 0.15))
    (fp_line (start 10.16 -4.445) (end 10.16 -2.54) (layer F.SilkS) (width 0.15))
    (fp_line (start -10.16 2.54) (end -10.16 4.445) (layer F.SilkS) (width 0.15))
    (fp_line (start -10.16 4.445) (end 10.16 4.445) (layer F.SilkS) (width 0.15))
    (fp_line (start 10.16 4.445) (end 10.16 2.54) (layer F.SilkS) (width 0.15))
    (pad 10 thru_hole circle (at -5.08 1.27 180) (size 1.5748 1.5748) (drill 0.9144) (layers *.Cu *.Mask F.SilkS)
      (net 4 VCC))
    (pad 9 thru_hole circle (at -5.08 -1.27 180) (size 1.5748 1.5748) (drill 0.9144) (layers *.Cu *.Mask F.SilkS)
      (net 2 GND))
    (pad 8 thru_hole circle (at -2.54 1.27 180) (size 1.5748 1.5748) (drill 0.9144) (layers *.Cu *.Mask F.SilkS)
      (net 26 "Net-(P1-Pad8)"))
    (pad 7 thru_hole circle (at -2.54 -1.27 180) (size 1.5748 1.5748) (drill 0.9144) (layers *.Cu *.Mask F.SilkS)
      (net 27 "Net-(P1-Pad7)"))
    (pad 6 thru_hole circle (at 0 1.27 180) (size 1.5748 1.5748) (drill 0.9144) (layers *.Cu *.Mask F.SilkS)
      (net 25 "Net-(J1-Pad9)"))
    (pad 5 thru_hole circle (at 0 -1.27 180) (size 1.5748 1.5748) (drill 0.9144) (layers *.Cu *.Mask F.SilkS)
      (net 22 "Net-(J1-Pad3)"))
    (pad 4 thru_hole circle (at 2.54 1.27 180) (size 1.5748 1.5748) (drill 0.9144) (layers *.Cu *.Mask F.SilkS)
      (net 23 "Net-(J1-Pad5)"))
    (pad 3 thru_hole circle (at 2.54 -1.27 180) (size 1.5748 1.5748) (drill 0.9144) (layers *.Cu *.Mask F.SilkS)
      (net 21 "Net-(J1-Pad1)"))
    (pad 2 thru_hole circle (at 5.08 1.27 180) (size 1.5748 1.5748) (drill 0.9144) (layers *.Cu *.Mask F.SilkS)
      (net 28 "Net-(P1-Pad2)"))
    (pad 1 thru_hole rect (at 5.08 -1.27 180) (size 1.5748 1.5748) (drill 0.9144) (layers *.Cu *.Mask F.SilkS)
      (net 29 "Net-(P1-Pad1)"))
  )

  (module FootPrints:IDC5x2_Vert (layer F.Cu) (tedit 58C2383B) (tstamp 5CBD3DCA)
    (at 99.06 80.01 180)
    (path /5CB82246)
    (fp_text reference P2 (at 0 6.35 180) (layer F.SilkS)
      (effects (font (size 1 1) (thickness 0.15)))
    )
    (fp_text value PORTA (at 1.27 5.08 180) (layer F.SilkS)
      (effects (font (size 1 1) (thickness 0.15)))
    )
    (fp_line (start 10.16 -2.54) (end 10.16 2.54) (layer F.SilkS) (width 0.15))
    (fp_line (start -10.16 2.54) (end -10.16 -2.54) (layer F.SilkS) (width 0.15))
    (fp_line (start -10.16 -2.54) (end -10.16 -4.445) (layer F.SilkS) (width 0.15))
    (fp_line (start -10.16 -4.445) (end 10.16 -4.445) (layer F.SilkS) (width 0.15))
    (fp_line (start 10.16 -4.445) (end 10.16 -2.54) (layer F.SilkS) (width 0.15))
    (fp_line (start -10.16 2.54) (end -10.16 4.445) (layer F.SilkS) (width 0.15))
    (fp_line (start -10.16 4.445) (end 10.16 4.445) (layer F.SilkS) (width 0.15))
    (fp_line (start 10.16 4.445) (end 10.16 2.54) (layer F.SilkS) (width 0.15))
    (pad 10 thru_hole circle (at -5.08 1.27 180) (size 1.5748 1.5748) (drill 0.9144) (layers *.Cu *.Mask F.SilkS)
      (net 4 VCC))
    (pad 9 thru_hole circle (at -5.08 -1.27 180) (size 1.5748 1.5748) (drill 0.9144) (layers *.Cu *.Mask F.SilkS)
      (net 2 GND))
    (pad 8 thru_hole circle (at -2.54 1.27 180) (size 1.5748 1.5748) (drill 0.9144) (layers *.Cu *.Mask F.SilkS)
      (net 30 "Net-(P2-Pad8)"))
    (pad 7 thru_hole circle (at -2.54 -1.27 180) (size 1.5748 1.5748) (drill 0.9144) (layers *.Cu *.Mask F.SilkS)
      (net 31 "Net-(P2-Pad7)"))
    (pad 6 thru_hole circle (at 0 1.27 180) (size 1.5748 1.5748) (drill 0.9144) (layers *.Cu *.Mask F.SilkS)
      (net 32 "Net-(P2-Pad6)"))
    (pad 5 thru_hole circle (at 0 -1.27 180) (size 1.5748 1.5748) (drill 0.9144) (layers *.Cu *.Mask F.SilkS)
      (net 33 "Net-(P2-Pad5)"))
    (pad 4 thru_hole circle (at 2.54 1.27 180) (size 1.5748 1.5748) (drill 0.9144) (layers *.Cu *.Mask F.SilkS)
      (net 34 "Net-(P2-Pad4)"))
    (pad 3 thru_hole circle (at 2.54 -1.27 180) (size 1.5748 1.5748) (drill 0.9144) (layers *.Cu *.Mask F.SilkS)
      (net 35 "Net-(P2-Pad3)"))
    (pad 2 thru_hole circle (at 5.08 1.27 180) (size 1.5748 1.5748) (drill 0.9144) (layers *.Cu *.Mask F.SilkS)
      (net 36 "Net-(P2-Pad2)"))
    (pad 1 thru_hole rect (at 5.08 -1.27 180) (size 1.5748 1.5748) (drill 0.9144) (layers *.Cu *.Mask F.SilkS)
      (net 37 "Net-(P2-Pad1)"))
  )

  (module FootPrints:IDC5x2_Vert (layer F.Cu) (tedit 58C2383B) (tstamp 5CBD3C7B)
    (at 105.41 120.65)
    (path /5CB90C37)
    (fp_text reference P3 (at 11.43 4.445) (layer F.SilkS)
      (effects (font (size 1 1) (thickness 0.15)))
    )
    (fp_text value PORTB (at 1.27 5.08) (layer F.SilkS)
      (effects (font (size 1 1) (thickness 0.15)))
    )
    (fp_line (start 10.16 -2.54) (end 10.16 2.54) (layer F.SilkS) (width 0.15))
    (fp_line (start -10.16 2.54) (end -10.16 -2.54) (layer F.SilkS) (width 0.15))
    (fp_line (start -10.16 -2.54) (end -10.16 -4.445) (layer F.SilkS) (width 0.15))
    (fp_line (start -10.16 -4.445) (end 10.16 -4.445) (layer F.SilkS) (width 0.15))
    (fp_line (start 10.16 -4.445) (end 10.16 -2.54) (layer F.SilkS) (width 0.15))
    (fp_line (start -10.16 2.54) (end -10.16 4.445) (layer F.SilkS) (width 0.15))
    (fp_line (start -10.16 4.445) (end 10.16 4.445) (layer F.SilkS) (width 0.15))
    (fp_line (start 10.16 4.445) (end 10.16 2.54) (layer F.SilkS) (width 0.15))
    (pad 10 thru_hole circle (at -5.08 1.27) (size 1.5748 1.5748) (drill 0.9144) (layers *.Cu *.Mask F.SilkS)
      (net 4 VCC))
    (pad 9 thru_hole circle (at -5.08 -1.27) (size 1.5748 1.5748) (drill 0.9144) (layers *.Cu *.Mask F.SilkS)
